Some((
    red: 0.0,
    green: 0.75686276,
    blue: 0.517647,
))