Some((
    red: 0.9098039,
    green: 0.92156863,
    blue: 0.89411765,
    alpha: 1.0,
))