Some((
    red: 0.87058824,
    green: 0.8901961,
    blue: 0.8509804,
    alpha: 1.0,
))