Some((
    red: 0.00000006016344,
    green: 0.3541165,
    blue: 0.23357007,
    alpha: 1.0,
))