Some((
    red: 0.46888328,
    green: 0.7066604,
    blue: 0.55210924,
    alpha: 1.0,
))